[[135.65218171 113.05740741  51.24064236]]	0
[[135.72480035 113.07403067  51.15474248]]	1
[[135.55721644 112.96320602  51.23024306]]	2
[[135.54562789 112.95306134  51.16017361]]	3
[[37.34000579 29.17775174 25.57194444]]	4
[[96.99184028 83.15530671 76.988125  ]]	5
[[72.119511   69.04359375 80.20610532]]	6
[[94.16182581 87.6514294  90.36326968]]	7
[[113.19203993 100.66098669  96.20186053]]	8
[[148.08380208 124.88204572 112.33934028]]	9
[[113.57746817  93.91800926  83.8162934 ]]	10
[[72.3945544  63.97679977 64.66744213]]	11
[[68.44414063 59.09535301 55.78029803]]	12
[[77.12799479 72.957989   85.64006366]]	13
[[66.23408275 57.91897569 56.37560475]]	14
[[76.69842593 71.10370081 78.20077546]]	15
[[59.94129919 53.01050637 50.95649306]]	16
[[61.61424479 54.16331887 52.20306134]]	17
[[58.621739   51.95317998 50.23203704]]	18
[[59.86692419 53.43403646 51.79633391]]	19
[[58.99541956 51.82431424 50.05037326]]	20
[[57.07895833 50.8803125  48.56514468]]	21
[[48.86359375 42.98871817 40.43890625]]	22
[[55.78185764 51.25407986 50.79712963]]	23
[[88.55843171 76.82119502 74.73764178]]	24
[[69.72054109 57.51500579 52.39053241]]	25
[[62.04343461 57.10295139 60.77148148]]	26
[[52.53801794 46.87913773 45.63323785]]	27
[[48.96927951 43.52581887 41.93567419]]	28
[[50.2549537  43.67315683 41.45072338]]	29
[[33.86561921 29.57745949 27.4507147 ]]	30
[[30.92466146 26.77476563 24.40124421]]	31
[[57.85307292 47.12394676 42.04058738]]	32
[[71.27850405 60.37318866 53.0117853 ]]	33
[[63.84863137 55.99846933 47.22193576]]	34
[[72.29435475 65.10965856 62.36721354]]	35
[[63.91306134 54.59506944 47.71811921]]	36
[[64.72868924 57.88037905 50.29824942]]	37
[[63.18896412 55.72954572 49.58748264]]	38
[[67.444511   63.65942419 58.11827257]]	39
[[68.56252604 62.95315394 59.53414931]]	40
[[51.62412037 51.44610243 50.58506076]]	41
[[46.95598958 45.71389757 45.61030671]]	42
[[46.2180816  44.22350405 44.38486979]]	43
[[47.61917245 44.7940162  44.58979456]]	44
[[49.99295428 46.26414063 45.23100694]]	45
[[52.68567998 46.61921875 43.70752604]]	46
[[60.59609664 55.96981771 51.5800897 ]]	47
[[68.48586806 59.63706308 51.68680556]]	48
[[62.18005787 55.50743924 49.56965567]]	49
[[69.17803241 61.6570081  55.82990741]]	50
[[54.71902778 47.73400463 41.36176215]]	51
[[46.428125   37.9816985  33.95615162]]	52
[[46.35093461 40.46456887 37.95921007]]	53
[[31.52524595 26.64306713 23.8862066 ]]	54
[[33.6169184  29.30942998 25.86230324]]	55
[[35.29923322 30.77212674 27.16378762]]	56
[[41.32981771 36.96554977 33.77270833]]	57
[[46.80965856 41.21438657 37.46961516]]	58
[[55.17989583 48.79631366 45.35567419]]	59
[[65.85592593 57.4599566  55.6876331 ]]	60
[[58.53538484 51.00708623 49.61474248]]	61
[[37.21886574 36.27187789 38.51578414]]	62
[[39.84027199 37.12879051 37.80497106]]	63
[[42.81537616 41.08675058 40.93804398]]	64
[[44.93936632 42.60371238 43.27829282]]	65
[[43.90463542 42.13922164 41.68819734]]	66
[[44.55053819 42.6216522  42.78814236]]	67
[[48.77081019 45.59092014 45.64969907]]	68
[[ 82.68661169  92.73267072 103.10747975]]	69
[[65.44247685 66.07289641 70.32602141]]	70
[[55.29251157 59.53972222 73.50391204]]	71
[[59.08039641 60.49064815 73.0166956 ]]	72
[[62.15182002 61.34844907 65.20076678]]	73
[[59.93244213 58.94939815 64.73524016]]	74
[[86.75686053 70.68618345 64.05972801]]	75
[[40.95958044 35.98859954 39.6945544 ]]	76
[[65.6748669  53.58299479 50.78895255]]	77
[[51.29813947 45.48047164 44.68516782]]	78
[[102.42460069 111.10550926 124.1750434 ]]	79
[[67.57063657 70.91490451 80.98251157]]	80
[[118.75249711 121.38029225 133.33467593]]	81
[[102.25845775 108.02679977 124.24404514]]	82
[[56.07297454 51.64623843 63.81143808]]	83
[[132.62765046 147.07277199 155.24493056]]	84
[[53.1748669  49.32975984 54.78497396]]	85
[[ 94.24135127  91.19589699 104.64311632]]	86
[[ 86.80257523 100.27101852 126.65308449]]	87
[[48.86135706 43.70515914 40.51120081]]	88
[[47.85560764 45.65771991 47.20787616]]	89
[[108.87104167  83.64381944  82.55782986]]	90
[[97.34913773 89.04913484 98.21176794]]	91
[[85.11858507 80.97587963 84.11725116]]	92
[[155.07271991 143.37320023 117.00554687]]	93
[[ 94.51520833  99.83521701 105.57509549]]	94
[[47.50588831 40.92024306 36.36680556]]	95
[[144.90389178 133.122364   105.88436343]]	96
[[90.80312789 84.56087384 69.52179977]]	97
[[72.722364   62.76065394 47.29039931]]	98
[[47.26095775 44.02284144 42.65050058]]	99
[[79.65055556 68.57066262 61.74362847]]	100
[[69.94413194 77.27126736 99.31039352]]	101
[[179.99163194 197.23516204 202.49993924]]	102
[[67.65458333 67.2508044  75.47370949]]	103
[[52.50970486 43.91213831 44.91296875]]	104
[[50.4349566  43.81050637 44.33822917]]	105
[[62.53058449 54.55720775 51.66753472]]	106
[[50.33592593 50.09342303 53.78940972]]	107
[[50.2169213  53.07948206 56.96788773]]	108
[[46.67278935 46.19871238 47.40877604]]	109
[[48.49598958 47.62909433 48.13388889]]	110
[[60.80369213 64.27577546 71.27225984]]	111
[[45.6751331  45.05673322 45.62317998]]	112
[[54.92627025 57.30429109 61.37146701]]	113
[[72.30676794 79.09851563 85.33622975]]	114
[[47.25822338 46.34509838 48.00950521]]	115
[[64.8536169  62.02044271 59.39311053]]	116
[[76.68310185 77.07489873 88.12567708]]	117
[[69.5753125  73.98510417 83.4878559 ]]	118
[[ 71.19394097  80.43215856 106.57208044]]	119
[[60.64457755 66.50828414 83.36547164]]	120
[[ 89.73649306  96.35631655 113.20427083]]	121
[[46.64507523 44.37233507 44.94060185]]	122
[[48.14157697 45.8744213  46.85817998]]	123
[[ 84.5537037   94.64956597 105.45073785]]	124
[[ 97.38262442 114.01655382 140.68347801]]	125
[[ 77.2850897   84.38153935 118.41232928]]	126
[[55.01010995 51.55031829 80.94142361]]	127
[[105.80065972 120.47074074 163.10020833]]	128
[[73.19957176 78.82508681 91.97971354]]	129
[[53.32556134 55.59974248 63.01133102]]	130
[[60.80057292 58.86513889 81.33029803]]	131
[[67.4227228  73.26257234 94.87353299]]	132
[[67.58353588 53.79716725 50.77606771]]	133
[[34.65933738 29.61327836 27.42880208]]	134
[[45.02626736 48.83297454 55.70367766]]	135
[[49.61420139 45.74696181 47.02086806]]	136
[[49.36845775 47.15972512 41.53000868]]	137
[[ 98.20135995 110.41177662 122.52585648]]	138
[[51.31186921 45.50599537 46.28219618]]	139
[[56.27003183 52.47171586 55.0083015 ]]	140
[[135.72280961 113.22        95.81346644]]	141
[[ 76.38372685  76.54221354 100.94269965]]	142
[[155.09730613 150.55537616 141.81151042]]	143
[[80.84798322 76.47892361 94.08728009]]	144
[[81.61303819 80.68870081 99.222636  ]]	145
[[51.21666088 46.82328993 57.98142072]]	146
[[39.68959491 34.42845775 29.15844907]]	147
[[111.42933449 102.03920428  84.86505208]]	148
[[129.70445023 114.68435475  98.52760706]]	149
[[56.77245081 53.8859809  53.53098669]]	150
[[199.01748553 191.02554398 175.74985532]]	151
[[55.40911169 48.59497106 41.61572338]]	152
[[164.87110822 132.06926215 114.54514757]]	153
[[82.18166956 74.40084201 72.06706019]]	154
[[76.02765336 59.23201389 39.70751157]]	155
[[131.84741319 153.01297454 154.14730613]]	156
[[53.60230903 49.52957755 40.06395255]]	157
[[89.05817998 81.96265046 71.23098669]]	158
[[112.75377894 129.37774016 129.28145833]]	159
[[72.32997396 72.83543113 69.46771991]]	160
[[ 99.37520255 113.37453414 123.24926505]]	161
[[59.09519097 55.04929688 53.46356771]]	162
[[55.32233796 51.33383681 52.98341435]]	163
[[44.57690972 35.55227431 40.96355324]]	164
[[78.86369213 69.20364583 47.8015162 ]]	165
[[121.42841146 105.12060475  76.35671875]]	166
[[87.74279225 75.40365451 56.76507234]]	167
[[69.86436343 60.03922164 50.11476273]]	168
[[69.44686343 59.64501157 50.83264757]]	169
[[70.36797743 60.45636863 51.35288484]]	170
[[73.90071759 65.41563079 63.78469907]]	171
[[70.10942998 61.77010417 60.58009259]]	172
[[77.04875579 67.27304688 65.70581887]]	173
[[74.02094907 65.50626736 64.4238397 ]]	174
[[68.37547454 61.92133391 61.63224248]]	175
[[33.06309896 29.27963252 29.76411458]]	176
[[1.08971644 1.06416088 1.0726794 ]]		177
[[65.32342593 60.49645833 59.81788484]]	178
[[57.69842882 53.65847801 52.98621238]]	179
[[61.36592303 43.29252894 30.07229456]]	180
[[90.88630787 58.84096065 34.33339699]]	181
[[78.60458623 48.40590856 25.16449942]]	182
[[78.74787616 48.61346644 25.45498843]]	183
[[78.89462384 48.68664931 25.54122106]]	184
[[33.04305845 26.93605035 23.85544271]]	185
[[42.0843287  39.01137731 44.49839988]]	186
[[57.96555266 54.53286748 54.61532986]]	187
[[57.52922743 55.49307581 56.02094618]]	188
[0, 1, 2, 3, 4, 5, 6, 7, 8, 9, 13, 24, 25, 26, 28, 29, 32, 33, 34, 35, 36, 40, 41, 42,
43, 45, 52, 58, 59, 60, 61, 63, 64, 65, 72, 73, 75, 77, 78, 80, 97, 98, 99, 100, 101,
102, 103, 104, 105, 106, 107, 108, 109, 110, 111, 112, 113, 114, 115, 116, 117, 118,
119, 123, 124, 139, 140, 142, 146, 148, 156, 158, 159, 160, 163, 164, 165, 167, 168,
169, 170, 173, 174, 175, 176, 202, 203, 205, 210, 212, 213, 220, 228, 229, 235, 236,
237, 239, 240, 241, 252, 258, 260, 261, 262, 264, 265, 266, 277, 278, 285, 291, 293,
313, 342, 344, 345, 346, 347, 348, 349, 350, 351, 352, 353, 354, 355, 359, 370, 374]

# 격자 적용 후
[6.5, 12.0, 12.5, 13.5, 15.0, 15.5, 16.0, 16.5, 17.0, 17.5, 20.0, 20.5, 21.5, 22.5, 23.5, 26.0, 29.5, 32.0, 32.5, 41.0, 43.0, 43.5, 
44.0, 44.5, 49.0, 49.5, 51.0, 51.5, 52.0, 52.5, 53.5, 54.0, 54.5, 56.5, 58.0, 58.5, 59.0, 61.0, 62.5, 72.0, 72.5, 74.0, 74.5, 75.0, 78.0, 
79.5, 80.0, 80.5, 81.0, 86.5, 92.0, 94.0, 94.5, 103.0, 103.5, 107.0, 107.5, 108.0, 108.5, 109.0, 111.0, 111.5, 115.5, 118.5, 122.5, 
123.5, 124.0, 128.0, 133.0, 135.5, 136.0, 140.0, 159.5, 160.0, 160.5, 161.5, 171.0, 171.5, 172.0, 172.5, 173.0, 174.5, 175.0, 176.5, 
185.0, 185.5, 186.5, 187.5]
